121
173
242
320
330
333
339
435
479
498
703
943
947
1041
1066
1068
1126
1142
1204
1223
1323
1333
1448
1464
1521
1563
1590
1594
1664
1737
1956
1967
2030
2128
2160
2178
2186
2187
2190
2197
2208
2232
2241
2247
2257
2270
2281
2288
2293
2318
2323
2394
2405
2412
2419
2431
2435
2510
2511
2527
2535
2549
2575
2620
2630
2670
2674
2715
2725
2728
2755
2802
2805
2823
2824
2829
2836
2838
2863
2864
2869
2882
2890
2924
2925
2928
2931
2943
2953
2956
2957
2969
2988
2990
3007
3020
3046
3048
3053
3062
3073
3078
3086
3090
3091
3103
3104
3114
3138
3139
3147
3182
3194
3213
3244
3247
3258
3262
3292
3298
3307
3316
3323
3329
3363
3371
3389
3404
3407
3420
3424
3429
3439
3444
3471
3487
3488
3539
3552
3570
3572
3622
3626
3637
3645
3676
3688
3700
3713
3716
3751
3767
3780
3797
3803
3841
3876
3881
3895
3899
3901
3905
3957
3972
3986
4000
4001
4010
4043
4053
4083
4100
4103
4110
4138
4160
4191
4195
4197
4198
4202
4220
4228
4239
4266
4274
4291
4293
4369
4393
4404
4428
4433
4440
4456
4468
4477
4506
4522
4537
4546
4573
4588
4591
4623
4627
4629
4631
4643
4647
4678
4682
4691
4695
4706
4716
4754
4758
4768
4785
4807
4811
4819
4820
4825
4828
4829
4830
4832
4834
4835
4836
4837
4838
4839
4840
4841
4843
4844
4846
4848
4849
4850
4852
4853
4854
4855
4858
4861
4863
4865
4866
4867
4869
4870
4871
4873
4874
4875
4877
4878
4879
4880
4881
4883
4885
4886
4889
4891
4892
4895
4896
4897
4898
4899
4900
4901
4902
4903
4904
4906
4907
4911
4912
4913
4914
4915
4916
4917
4919
4921
4922
4923
4924
4925
4926
4927
4929
4930
4931
4932
4933
4934
4936
4937
4940
4941
4942
4943
4944
4946
4947
4950
4952
4954
4958
4959
4960
4961
4963
4964
4965
4966
4967
4973
4974
4975
4977
4980
4983
4985
4987
4990
4991
4993
4994
4995
4999
5001
5002
5005
5006
5008
5010
5011
5012
5015
5016
5018
5019
5020
5021
5022
5023
5024
5027
5028
5029
5031
5034
5036
5038
5039
5040
5041
5042
5043
5045
5046
5047
5048
5049
5050
5051
5052
5054
5055
5057
5058
5060
5061
5063
5064
5065
5066
5067
5068
5071
5074
5075
5080
5083
5085
5086
5088
5089
5091
5092
5093
5094
5095
5096
5097
5098
5099
5100
5101
5103
5105
5106
5107
5108
5109
5112
5113
5114
5115
5116
5118
5119
5122
5123
5124
5125
5126
5128
5129
5131
5132
5136
5138
5140
5141
5144
5146
5147
5148
5149
5152
5153
5154
5155
5156
5160
5162
5164
5165
5166
5167
5169
5170
5172
5173
5174
5176
5177
5178
5182
5183
5184
5186
5188
5189
5191
5192
5194
5195
5198
5200
5201
5203
5204
5205
5206
5209
5212
5213
5215
5218
5219
5220
5221
5224
5225
5227
5228
5230
5232
5233
5235
5236
5238
5239
5240
5241
5243
5244
5245
5246
5247
5248
5249
5250
5251
5252
5254
5255
5256
5257
5258
5259
5260
5261
5262
5263
5265
5266
5267
5268
5269
5271
5272
5273
5275
5276
5277
5281
5282
5283
5286
5288
5289
5290
5291
5292
5293
5295
5296
5297
5319
5324
5376
5385
5386
5401
5403
5407
5415
5428
5432
5444
5454
5458
5461
5479
5483
5487
5497
5504
5506
5507
5515
5517
5534
5572
5592
5597
5607
5632
5644
5654
5659
5660
5667
5671
5674
5677
5683
5701
5713
5714
5739
5740
5752
5761
5779
5783
5787
5822
5830
5832
5835
5870
5873
5875
5876
5890
5898
5903
5904
5905
5911
5914
5921
5925
5926
5927
5929
5935
5969
5972
5974
5980
5987
5989
6000
6009
6016
6017
6028
6029
6037
6038
6039
6068
6076
6079
6084
6087
6092
6097
6115
6120
6153
6161
6180
6181
6186
6214
6243
6245
6264
6266
6267
6270
6274
6284
6299
6306
6311
6318
6323
6326
6328
6336
6337
6338
6349
6354
6356
6358
6384
6386
6394
6399
6401
6412
6414
6420
6435
6446
6448
6464
6471
6477
6486
6500
6504
6510
6517
6565
6571
6585
6597
6622
6627
6628
6670
6700
6707
6709
6725
6771
6780
6782
6787
6808
6814
6817
6841
6852
6856
6878
6882
6883
6891
6892
6893
6915
6916
6943
6956
6965
6970
6973
6976
6987
6988
6990
6992
7002
7003
7009
7021
7024
7036
7042
7061
7072
7076
7080
7087
7089
7096
7105
7107
7116
7127
7139
7145
7166
7197
7209
7214
7254
7259
7269
7273
7280
7287
7305
7307
7334
7335
7338
7343
7354
7357
7383
7415
7418
7419
7445
7460
7463
7479
7511
7520
7523
7530
7558
7572
7577
7591
7618
7631
7668
7673
7678
7690
7705
7711
7715
7729
7758
7770
7789
7808
7856
7860
7878
7907
7925
7927
7934
7946
7948
7958
7975
7979
8017
8019
8022
8033
8036
8052
8058
8065
