2
52
197
269
318
320
324
341
564
575
577
602
703
807
1026
1227
1237
1263
1459
1509
1588
1632
1642
1668
1674
1747
1753
1811
1820
1830
1951
2093
2122
2156
2196
2232
2267
2268
2293
2304
2310
2324
2338
2403
2460
2487
2504
2535
2640
2649
2653
2709
2756
2829
2853
2876
2903
2929
2945
2956
3004
3044
3046
3088
3131
3177
3215
3232
3241
3245
3319
3367
3429
3460
3475
3481
3544
3585
3621
3684
3734
3747
3831
3832
3841
3904
3910
3941
4021
4051
4052
4166
4243
4249
4254
4280
4327
4332
4370
4433
4438
4439
4443
4449
4582
4599
4645
4660
4665
4723
4764
4807
4809
4811
4819
4827
4829
4830
4833
4835
4837
4839
4841
4846
4849
4850
4853
4859
4860
4861
4866
4869
4874
4875
4877
4879
4880
4885
4892
4893
4894
4899
4901
4903
4905
4908
4909
4911
4917
4920
4925
4928
4934
4937
4938
4941
4949
4950
4951
4955
4957
4958
4963
4964
4975
4976
4983
4985
4986
4987
4993
4994
4996
5003
5005
5007
5010
5018
5024
5025
5027
5028
5029
5030
5034
5035
5040
5042
5043
5045
5046
5052
5056
5060
5068
5069
5070
5074
5076
5077
5080
5084
5086
5088
5089
5091
5094
5096
5098
5105
5106
5126
5128
5132
5135
5136
5138
5142
5143
5145
5153
5155
5157
5161
5162
5168
5171
5176
5182
5183
5187
5189
5191
5194
5196
5201
5202
5207
5208
5209
5211
5213
5217
5218
5219
5220
5224
5227
5228
5230
5232
5238
5240
5241
5242
5246
5249
5253
5257
5259
5266
5273
5275
5281
5289
5291
5294
5295
5297
5298
5308
5332
5337
5378
5417
5420
5425
5493
5503
5507
5538
5564
5568
5628
5657
5659
5677
5680
5696
5722
5769
5784
5786
5851
5857
5865
5868
5884
5891
5980
5999
6011
6042
6056
6063
6077
6098
6118
6126
6205
6220
6224
6260
6261
6279
6291
6293
6303
6322
6345
6410
6415
6431
6464
6471
6472
6481
6489
6500
6543
6579
6612
6614
6625
6636
6644
6647
6663
6691
6700
6723
6727
6760
6814
6876
6894
6905
6911
6922
6936
6968
6978
7007
7015
7067
7104
7111
7133
7139
7157
7176
7232
7256
7316
7333
7361
7372
7375
7391
7423
7428
7437
7465
7466
7486
7514
7532
7533
7579
7674
7680
7706
7714
7720
7726
7730
7751
7786
7891
7905
7913
7925
7948
7960
7976
7979
8012
8015
8035
8046
8047
8049
8053
8077
