42
64
105
126
130
137
229
233
241
548
584
618
626
646
685
816
919
1007
1047
1057
1266
1348
1364
1391
1585
1693
1797
1985
2112
2126
2132
2144
2151
2154
2166
2255
2288
2292
2303
2332
2346
2355
2357
2383
2396
2419
2423
2424
2453
2474
2489
2502
2507
2530
2531
2544
2557
2567
2603
2606
2609
2642
2657
2673
2674
2679
2696
2700
2701
2709
2716
2725
2728
2749
2756
2758
2764
2774
2813
2829
2837
2861
2867
2872
2874
2898
2903
2921
2922
2926
2932
2958
2974
2979
2997
3020
3028
3040
3050
3076
3097
3123
3135
3146
3175
3182
3192
3194
3196
3220
3222
3230
3232
3237
3256
3258
3262
3268
3281
3298
3320
3351
3371
3380
3400
3407
3412
3429
3439
3446
3461
3467
3508
3513
3527
3536
3567
3570
3602
3608
3625
3631
3650
3676
3706
3717
3718
3723
3740
3741
3751
3761
3777
3791
3795
3797
3803
3809
3812
3820
3866
3867
3868
3874
3887
3910
3915
3917
3933
3942
3967
3975
3987
3988
4002
4005
4070
4091
4094
4100
4134
4138
4142
4143
4153
4170
4184
4185
4232
4242
4245
4286
4287
4313
4316
4343
4381
4385
4391
4408
4428
4443
4449
4460
4467
4479
4489
4493
4536
4553
4586
4588
4605
4642
4651
4660
4671
4700
4708
4712
4718
4739
4742
4751
4769
4777
4788
4799
4810
4818
4819
4820
4821
4823
4827
4829
4831
4832
4834
4835
4836
4837
4838
4839
4840
4841
4842
4843
4844
4845
4846
4850
4852
4854
4855
4858
4859
4861
4862
4863
4866
4867
4868
4869
4871
4872
4873
4877
4878
4879
4880
4883
4885
4886
4887
4889
4891
4892
4895
4896
4901
4902
4903
4904
4907
4911
4913
4914
4917
4919
4920
4921
4923
4924
4926
4928
4929
4930
4932
4933
4934
4935
4936
4937
4938
4939
4942
4944
4945
4946
4948
4949
4950
4952
4953
4955
4956
4959
4961
4962
4963
4964
4967
4969
4972
4973
4974
4975
4976
4977
4978
4979
4981
4983
4985
4987
4989
4990
4992
4993
4994
4996
4998
4999
5000
5001
5002
5003
5006
5007
5010
5013
5014
5015
5017
5018
5019
5021
5022
5023
5027
5029
5031
5032
5033
5035
5036
5037
5038
5039
5040
5042
5043
5044
5047
5048
5049
5051
5052
5053
5054
5055
5059
5060
5062
5063
5064
5065
5068
5070
5071
5072
5073
5074
5075
5076
5077
5078
5079
5080
5081
5085
5086
5087
5088
5089
5092
5095
5097
5098
5099
5101
5102
5103
5104
5105
5106
5107
5109
5110
5111
5112
5114
5115
5116
5117
5119
5121
5122
5123
5124
5126
5127
5130
5131
5132
5134
5135
5136
5137
5138
5142
5143
5144
5145
5147
5149
5150
5152
5154
5155
5156
5157
5159
5160
5161
5162
5163
5164
5167
5172
5173
5174
5175
5176
5177
5178
5179
5180
5181
5183
5184
5185
5186
5188
5193
5194
5195
5198
5199
5206
5208
5209
5211
5212
5213
5217
5218
5220
5221
5222
5223
5224
5226
5227
5228
5230
5232
5233
5235
5236
5240
5243
5245
5246
5247
5248
5249
5250
5252
5255
5256
5257
5259
5260
5261
5262
5268
5269
5270
5271
5272
5273
5275
5276
5277
5278
5279
5281
5282
5283
5286
5287
5289
5290
5291
5292
5293
5295
5296
5297
5298
5299
5328
5331
5350
5358
5365
5372
5377
5384
5388
5389
5396
5397
5400
5411
5413
5417
5419
5425
5428
5435
5443
5454
5467
5471
5475
5504
5530
5533
5546
5550
5551
5589
5597
5609
5619
5624
5634
5636
5641
5645
5668
5674
5685
5702
5716
5717
5720
5721
5722
5735
5744
5753
5759
5770
5781
5782
5801
5812
5813
5834
5846
5861
5863
5865
5874
5884
5891
5907
5956
5965
5975
5988
5992
6001
6009
6017
6023
6033
6047
6049
6063
6064
6080
6081
6090
6091
6099
6113
6134
6136
6151
6160
6173
6175
6181
6211
6217
6219
6225
6231
6238
6283
6284
6285
6291
6296
6304
6313
6315
6332
6334
6336
6352
6355
6397
6402
6404
6406
6407
6423
6437
6452
6453
6456
6469
6506
6536
6556
6559
6569
6570
6584
6587
6604
6606
6619
6625
6639
6644
6651
6653
6658
6667
6668
6669
6671
6683
6684
6690
6696
6737
6745
6746
6755
6763
6792
6795
6796
6806
6871
6914
6929
6944
6950
6953
6966
6969
6976
6998
7020
7021
7022
7035
7038
7047
7052
7057
7070
7075
7092
7140
7145
7153
7169
7179
7186
7205
7216
7226
7242
7255
7264
7286
7287
7288
7290
7293
7295
7307
7315
7320
7325
7327
7330
7336
7351
7384
7396
7401
7405
7413
7425
7427
7437
7443
7452
7453
7454
7463
7467
7474
7478
7489
7517
7528
7536
7570
7587
7597
7625
7658
7663
7676
7679
7681
7688
7723
7728
7731
7734
7739
7779
7780
7790
7802
7804
7820
7838
7864
7874
7880
7887
7917
7923
7925
7951
7980
7987
7991
8006
8014
8031
8058
8065
8076
