9
26
70
95
100
126
134
162
172
173
228
236
297
334
382
461
505
662
677
764
765
782
876
977
1034
1055
1056
1157
1162
1199
1216
1248
1304
1440
1483
1515
1521
1537
1678
1744
1837
1907
1921
1936
2122
2127
2257
2259
2265
2268
2328
2357
2419
2463
2527
2561
2562
2579
2596
2625
2642
2648
2670
2690
2722
2725
2802
2997
3019
3032
3046
3121
3124
3142
3194
3269
3281
3292
3326
3370
3391
3394
3407
3413
3431
3607
3608
3637
3643
3676
3723
3744
3751
3790
3791
3802
3803
3807
3814
3841
3863
3882
3935
3957
4043
4064
4100
4110
4155
4220
4249
4267
4302
4317
4379
4438
4449
4468
4491
4563
4642
4665
4706
4708
4716
4732
4737
4754
4758
4816
4818
4821
4823
4827
4828
4829
4832
4845
4846
4847
4848
4849
4851
4854
4857
4858
4864
4878
4880
4896
4900
4903
4905
4908
4917
4919
4922
4924
4927
4929
4931
4935
4938
4939
4941
4944
4946
4949
4950
4952
4955
4960
4965
4968
4975
4980
4983
4995
5000
5001
5002
5003
5011
5012
5018
5021
5027
5030
5034
5038
5040
5045
5046
5048
5049
5050
5051
5053
5054
5057
5060
5063
5066
5067
5069
5077
5078
5080
5082
5083
5086
5088
5089
5107
5108
5122
5123
5128
5129
5130
5131
5134
5139
5143
5146
5147
5152
5156
5165
5172
5174
5177
5181
5188
5191
5192
5196
5199
5201
5212
5213
5217
5222
5223
5224
5225
5234
5237
5240
5241
5243
5244
5246
5249
5250
5251
5252
5255
5257
5259
5260
5263
5265
5274
5277
5285
5287
5290
5292
5297
5299
5305
5357
5368
5382
5387
5389
5408
5411
5424
5427
5451
5454
5467
5486
5487
5533
5541
5582
5585
5586
5597
5606
5608
5628
5629
5640
5641
5669
5680
5746
5753
5773
5778
5795
5799
5809
5812
5836
5843
5855
5896
5939
5963
5975
6004
6019
6035
6038
6051
6057
6122
6139
6140
6141
6154
6187
6213
6234
6256
6270
6321
6341
6379
6410
6440
6442
6446
6489
6505
6515
6536
6576
6648
6667
6716
6736
6740
6813
6816
6820
6865
6877
6889
6900
6904
6916
6918
6932
6948
6956
6974
6998
7026
7032
7126
7128
7134
7165
7208
7227
7252
7261
7299
7305
7352
7393
7395
7459
7462
7466
7518
7540
7554
7608
7611
7634
7692
7710
7750
7763
7792
7828
7861
7876
7907
7934
7937
7981
7983
8005
8051
8052
8057
