26
69
104
114
157
172
224
240
320
342
402
407
414
461
480
543
569
600
642
646
662
667
677
687
758
790
839
866
876
929
935
943
954
973
1024
1026
1045
1143
1151
1153
1157
1162
1199
1216
1248
1304
1320
1329
1352
1425
1436
1440
1463
1489
1515
1550
1574
1603
1614
1673
1709
1727
1826
1897
1907
1936
1937
1958
2105
2118
2190
2197
2220
2232
2265
2281
2323
2330
2346
2351
2383
2389
2400
2405
2414
2423
2435
2504
2506
2561
2562
2567
2613
2621
2630
2637
2674
2698
2700
2711
2728
2769
2780
2791
2819
2829
2831
2835
2841
2904
2946
2973
3004
3010
3029
3053
3058
3071
3088
3114
3120
3121
3137
3199
3200
3223
3240
3245
3258
3263
3270
3298
3315
3319
3320
3331
3350
3360
3362
3389
3401
3409
3429
3431
3460
3471
3492
3493
3523
3527
3549
3575
3591
3596
3607
3621
3639
3650
3653
3662
3666
3683
3706
3797
3816
3819
3825
3829
3858
3869
3876
3901
3910
3923
3947
3976
4021
4040
4042
4049
4072
4110
4119
4132
4144
4155
4191
4202
4259
4292
4298
4327
4336
4339
4348
4381
4389
4412
4428
4456
4530
4536
4537
4583
4695
4701
4730
4732
4738
4744
4758
4764
4820
4832
4838
4840
4854
4861
4866
4872
4877
4895
4898
4901
4916
4930
4952
4961
4963
4964
4969
4971
4972
4974
4981
4990
4996
4998
4999
5004
5005
5010
5015
5032
5059
5068
5073
5075
5095
5097
5100
5102
5109
5112
5115
5121
5127
5129
5138
5158
5162
5167
5171
5179
5180
5186
5194
5200
5209
5215
5216
5235
5254
5258
5289
5357
5367
5380
5418
5427
5483
5506
5536
5546
5548
5558
5565
5578
5580
5629
5632
5640
5745
5753
5803
5809
5820
5836
5864
5868
5883
5905
5930
5939
5969
5976
5987
5988
5995
6009
6022
6035
6038
6095
6140
6190
6209
6277
6284
6297
6317
6321
6328
6336
6352
6367
6379
6402
6488
6495
6514
6585
6624
6655
6660
6675
6696
6698
6717
6722
6736
6739
6740
6784
6789
6805
6813
6818
6820
6838
6847
6877
6932
6948
6953
6957
6964
6967
7050
7074
7097
7126
7155
7165
7227
7245
7276
7289
7291
7299
7341
7350
7393
7395
7409
7411
7448
7466
7473
7579
7688
7696
7707
7710
7711
7725
7766
7792
7805
7837
7839
7883
7898
7907
7913
7927
7928
7931
7936
7937
7981
8017
8056
8070
