96
148
250
349
393
526
586
596
608
638
750
900
1113
1134
1172
1315
1576
2103
2122
2128
2131
2154
2155
2164
2179
2184
2185
2187
2213
2220
2222
2224
2234
2235
2236
2240
2257
2263
2264
2281
2285
2299
2310
2317
2321
2323
2350
2351
2356
2363
2379
2405
2431
2443
2494
2504
2506
2510
2525
2527
2541
2549
2554
2583
2616
2618
2626
2627
2640
2664
2676
2684
2689
2701
2717
2745
2763
2773
2778
2783
2800
2817
2829
2864
2879
2883
2896
2933
2938
2978
2990
2996
3032
3036
3048
3056
3091
3093
3102
3104
3119
3124
3130
3149
3153
3154
3155
3166
3189
3210
3221
3239
3249
3257
3282
3314
3319
3325
3378
3389
3401
3413
3424
3428
3436
3440
3448
3469
3471
3472
3475
3499
3511
3527
3547
3565
3598
3620
3670
3678
3713
3728
3734
3749
3751
3783
3815
3818
3830
3840
3853
3863
3864
3868
3879
3887
3888
3901
3930
3941
3957
3960
3962
3976
3977
3986
4008
4012
4016
4064
4084
4085
4087
4088
4093
4100
4115
4142
4187
4191
4202
4237
4262
4267
4304
4356
4357
4369
4397
4414
4449
4450
4455
4476
4493
4522
4528
4534
4540
4543
4576
4624
4647
4660
4665
4689
4691
4711
4712
4715
4716
4717
4737
4740
4747
4755
4764
4765
4770
4782
4784
4791
4805
4818
4819
4820
4822
4824
4825
4827
4828
4829
4830
4831
4832
4833
4834
4835
4839
4844
4846
4847
4848
4849
4850
4851
4854
4855
4856
4858
4860
4861
4862
4863
4864
4867
4869
4870
4872
4874
4875
4876
4877
4878
4879
4880
4881
4885
4887
4888
4889
4890
4891
4892
4894
4895
4897
4898
4900
4901
4902
4903
4906
4908
4910
4911
4913
4916
4917
4918
4919
4920
4921
4923
4924
4925
4926
4930
4931
4933
4934
4935
4937
4941
4942
4947
4948
4949
4952
4953
4955
4956
4957
4958
4961
4964
4966
4967
4968
4969
4972
4973
4974
4976
4977
4979
4982
4983
4984
4985
4986
4987
4988
4989
4990
4991
4992
4993
5002
5003
5004
5005
5007
5009
5011
5012
5013
5014
5015
5016
5017
5018
5020
5021
5024
5026
5027
5028
5029
5030
5032
5034
5035
5036
5040
5043
5045
5046
5048
5049
5051
5052
5053
5054
5056
5058
5060
5062
5065
5066
5067
5069
5072
5073
5074
5075
5076
5079
5081
5082
5083
5089
5092
5093
5095
5096
5097
5098
5103
5104
5106
5107
5111
5112
5113
5114
5115
5117
5118
5120
5121
5122
5123
5125
5127
5129
5130
5132
5133
5135
5136
5138
5139
5141
5142
5144
5146
5147
5148
5149
5150
5152
5155
5157
5158
5159
5160
5161
5162
5163
5164
5165
5166
5167
5171
5172
5173
5174
5175
5177
5179
5180
5181
5183
5185
5186
5188
5189
5190
5191
5193
5197
5199
5200
5201
5202
5203
5204
5207
5210
5211
5212
5213
5215
5216
5217
5218
5219
5225
5227
5228
5229
5230
5232
5233
5236
5237
5238
5241
5245
5247
5249
5250
5252
5253
5255
5256
5259
5260
5261
5264
5265
5266
5267
5270
5272
5273
5274
5275
5278
5280
5283
5284
5286
5287
5288
5289
5291
5295
5296
5298
5299
5319
5334
5342
5348
5355
5372
5379
5381
5382
5391
5395
5399
5407
5417
5423
5444
5445
5470
5474
5475
5486
5493
5510
5514
5517
5523
5527
5541
5548
5549
5551
5555
5559
5563
5578
5584
5594
5599
5605
5619
5623
5624
5647
5676
5683
5694
5716
5725
5726
5727
5729
5734
5743
5769
5772
5778
5787
5793
5795
5802
5803
5806
5817
5819
5829
5839
5855
5867
5891
5894
5896
5904
5913
5914
5943
5975
5985
5988
5989
5999
6006
6033
6038
6050
6060
6088
6099
6132
6136
6155
6172
6175
6213
6229
6234
6236
6243
6247
6251
6253
6268
6277
6282
6286
6293
6302
6326
6351
6363
6376
6380
6387
6450
6453
6455
6456
6458
6461
6464
6475
6481
6488
6495
6498
6499
6506
6507
6514
6516
6517
6520
6521
6524
6527
6532
6533
6536
6537
6543
6561
6583
6586
6590
6608
6612
6615
6624
6633
6642
6643
6656
6657
6672
6677
6684
6706
6710
6720
6732
6737
6743
6746
6761
6764
6768
6789
6798
6810
6831
6852
6856
6874
6884
6885
6890
6892
6899
6902
6913
6932
6975
6982
7000
7037
7053
7061
7084
7085
7088
7090
7097
7102
7103
7112
7136
7142
7166
7171
7178
7199
7205
7213
7216
7221
7232
7237
7255
7291
7314
7316
7320
7335
7341
7367
7374
7378
7392
7394
7396
7397
7398
7402
7405
7407
7412
7427
7434
7435
7439
7444
7455
7464
7501
7514
7524
7545
7554
7572
7573
7590
7595
7599
7602
7616
7626
7636
7637
7649
7684
7692
7695
7711
7716
7725
7734
7736
7749
7750
7772
7789
7804
7814
7815
7831
7849
7850
7881
7883
7888
7893
7902
7917
7928
7930
7939
7945
7947
7955
7962
7976
7981
7986
8000
8008
8022
8040
